1
10
100
101
11
110
111
112
113
114
115
116
117
12
12141
12401
12407
12676
12678
12679
12692
12694
12695
12707
12710
12711
12725
12797
12815
12816
12822
13
14
15
152
15205
15206
15214
15215
15216
154
156
157
16
168
169
17
18
199
2
20
21
210
22
23
24
25
253
254
255
259
260
261
262
263
264
265
267
27
270
271
272
28
280
29
3
30
31
32
3272
33
334
34
349
35
350
3541
3542
356
36
363
37
4
406
411
412
414
416
4168
422
423
424
427
4282
4283
4336
4342
445
449
455
462
593
6
743
744
755
756
783
784
8
82
83
84
85
86
87
8716
88
89
91
93
94
95
96
9614
97
98
99
