1
2
3
4
6
8
10
11
12
13
14
15
16
17
18
20
21
22
23
24
25
27
28
29
30
31
32
33
34
35
36
37
82
83
84
85
86
87
88
89
91
93
94
95
96
97
98
99
100
101
110
111
112
113
114
115
116
117
152
154
156
157
168
169
199
210
253
254
255
259
260
261
262
263
264
265
267
270
271
272
280
334
349
350
356
363
406
411
412
414
416
422
423
424
427
445
449
455
462
593
743
744
755
756
783
784
3272
3541
3542
4168
4282
4283
4336
4342
8716
9614
12141
12401
12407
12676
12678
12679
12692
12694
12695
12707
12710
12711
12725
12797
12815
12816
12822
15205
15206
15214
15215
15216
